Model_R:    	98.828125
Model_A:    	11.71875
Oracle_R:  	98.4375
Oracle_A:  	75.78125
Brother_R: 	90.625
Brother_A: 	78.125

