Model_R:    	98.4375
Model_A:    	11.458333333333334
Oracle_R:  	97.91666666666667
Oracle_A:  	77.08333333333333
Brother_R: 	89.0625
Brother_A: 	79.16666666666667

