Model_R:    	97.65625
Model_A:    	0.0
Oracle_R:  	98.4375
Oracle_A:  	60.15625
Brother_R: 	91.40625
Brother_A: 	49.21875

