Model_R:    	97.39583333333333
Model_A:    	0.0
Oracle_R:  	97.39583333333333
Oracle_A:  	58.854166666666664
Brother_R: 	90.10416666666667
Brother_A: 	50.0

