Model_R:    	97.91666666666667
Model_A:    	0.0
Oracle_R:  	98.95833333333333
Oracle_A:  	60.9375
Brother_R: 	98.4375
Brother_A: 	54.6875

