Model_R:    	99.47916666666667
Model_A:    	22.395833333333332
Oracle_R:  	97.91666666666667
Oracle_A:  	32.8125
Brother_R: 	98.95833333333333
Brother_A: 	28.645833333333332

