Model_R:    	97.95673076923077
Model_A:    	11.298076923076923
Oracle_R:  	97.23557692307692
Oracle_A:  	21.39423076923077
Brother_R: 	92.66826923076923
Brother_A: 	40.14423076923077

