Model_R:    	97.56944444444444
Model_A:    	10.590277777777779
Oracle_R:  	97.04861111111111
Oracle_A:  	20.13888888888889
Brother_R: 	91.84027777777777
Brother_A: 	38.888888888888886

