Model_R:    	98.10267857142857
Model_A:    	11.272321428571429
Oracle_R:  	97.43303571428571
Oracle_A:  	21.205357142857142
Brother_R: 	92.96875
Brother_A: 	39.84375

