Model_R:    	97.86931818181819
Model_A:    	11.363636363636363
Oracle_R:  	97.30113636363636
Oracle_A:  	21.022727272727273
Brother_R: 	92.1875
Brother_A: 	40.19886363636363

