Model_R:    	97.91666666666667
Model_A:    	10.9375
Oracle_R:  	97.39583333333333
Oracle_A:  	20.833333333333332
Brother_R: 	92.96875
Brother_A: 	42.447916666666664

