Model_R:    	98.09027777777777
Model_A:    	11.747685185185185
Oracle_R:  	97.80092592592592
Oracle_A:  	22.04861111111111
Brother_R: 	92.70833333333333
Brother_A: 	40.16203703703704

