Model_R:    	98.15848214285714
Model_A:    	11.774553571428571
Oracle_R:  	97.87946428571429
Oracle_A:  	21.986607142857142
Brother_R: 	92.80133928571429
Brother_A: 	40.29017857142857

