Model_R:    	97.8515625
Model_A:    	9.5703125
Oracle_R:  	96.875
Oracle_A:  	19.3359375
Brother_R: 	92.3828125
Brother_A: 	39.453125

