Model_R:    	98.07692307692308
Model_A:    	11.959134615384615
Oracle_R:  	97.7764423076923
Oracle_A:  	22.536057692307693
Brother_R: 	92.60817307692308
Brother_A: 	40.50480769230769

