Model_R:    	98.02989130434783
Model_A:    	11.548913043478262
Oracle_R:  	97.75815217391305
Oracle_A:  	22.01086956521739
Brother_R: 	92.93478260869566
Brother_A: 	39.47010869565217

