Model_R:    	98.16176470588235
Model_A:    	11.397058823529411
Oracle_R:  	97.51838235294117
Oracle_A:  	20.863970588235293
Brother_R: 	93.10661764705883
Brother_A: 	39.6139705882353

