Model_R:    	97.78645833333333
Model_A:    	10.9375
Oracle_R:  	97.39583333333333
Oracle_A:  	21.223958333333332
Brother_R: 	92.44791666666667
Brother_A: 	40.234375

