Model_R:    	98.13988095238095
Model_A:    	11.755952380952381
Oracle_R:  	97.69345238095238
Oracle_A:  	21.651785714285715
Brother_R: 	93.1547619047619
Brother_A: 	40.401785714285715

