Model_R:    	98.09027777777777
Model_A:    	11.631944444444445
Oracle_R:  	97.65625
Oracle_A:  	21.006944444444443
Brother_R: 	93.05555555555556
Brother_A: 	39.49652777777778

