Model_R:    	98.22916666666667
Model_A:    	11.25
Oracle_R:  	97.60416666666667
Oracle_A:  	20.833333333333332
Brother_R: 	93.125
Brother_A: 	39.583333333333336

