Model_R:    	98.01136363636364
Model_A:    	11.576704545454545
Oracle_R:  	97.65625
Oracle_A:  	22.017045454545453
Brother_R: 	92.89772727272727
Brother_A: 	39.70170454545455

