Model_R:    	98.10855263157895
Model_A:    	11.759868421052632
Oracle_R:  	97.69736842105263
Oracle_A:  	21.463815789473685
Brother_R: 	93.25657894736842
Brother_A: 	40.13157894736842

