Model_R:    	98.21428571428571
Model_A:    	10.044642857142858
Oracle_R:  	97.32142857142857
Oracle_A:  	19.196428571428573
Brother_R: 	92.41071428571429
Brother_A: 	40.17857142857143

