Model_R:    	98.4375
Model_A:    	10.9375
Oracle_R:  	98.4375
Oracle_A:  	21.09375
Brother_R: 	93.359375
Brother_A: 	39.0625

