Model_R:    	98.11197916666667
Model_A:    	12.044270833333334
Oracle_R:  	97.72135416666667
Oracle_A:  	22.4609375
Brother_R: 	92.83854166666667
Brother_A: 	39.583333333333336

